seam_tracking_node:
  ros__parameters:
    ksize: 3
    threshold: 35
    width_min: 1
    width_max: 20
    binning: 2
    ratio: 0.001
    dx: 5
    dy: 5
    dz: 10
    length: 360
    aspect: 25
    depth: 10
    camera_matrix: [ 4.7916469354019528e+03, 0., 5.8675923543170029e+02, 0., 4.7899482899479808e+03, 7.1242314778468199e+02, 0., 0., 1. ]
    distort_coeffs: [ 4.2076631221379904e-02, -2.7859140112435599e+00, -1.9309580315517009e-03, 1.1548657330975238e-03, 5.1176622139610359e+01 ]
    homography_matrix: [ 0., 2.0892998114369087e-04, -1.4884655483298248e-01, 0., 2.2360737160559410e-06, 1.0352618463312766e+00, -3.0059363049465541e-06, 1.2188244250425512e-07, 5.6232473087445261e-03 ]
