laser_line_reconstruct_node:
  ros__parameters:
    frame_id: 'inclinometer'
    camera_matrix_l: [1.75374776e+03, 0.00000000e+00, 9.69352327e+02,
                      0.00000000e+00, 1.75344163e+03, 5.99959964e+02,
                      0.00000000e+00, 0.00000000e+00, 1.00000000e+00]
    camera_matrix_r: [1.75158229e+03, 0.00000000e+00, 9.97379404e+02,
                      0.00000000e+00, 1.75173368e+03, 6.17541120e+02,
                      0.00000000e+00, 0.00000000e+00, 1.00000000e+00]
    dist_coeffs_l: [-2.64336180e-01,  1.46290001e-01,  3.76102323e-04,  -1.11193283e-04, -6.41623755e-02]
    dist_coeffs_r: [-2.62784114e-01,  1.40391136e-01, -4.14006987e-04,  8.03003115e-05, -5.85527927e-02]
    r: [0.97304567, -0.00728919,  0.23049728,
        0.00444288,  0.99990737,  0.01286521,
        -0.2305697 , -0.01149436,  0.97298792]
    t: [-0.38137517, -0.00221936,  0.04289877]
    e: [3.21122707e-04, -4.28692849e-02, -2.71131016e-03,
        -4.61910972e-02, -4.69636182e-03,  3.80961478e-01,
        4.65133149e-04, -3.81356016e-01, -4.39491441e-03]
    f: [-4.22510570e-09,  5.64142238e-07, -2.71804814e-04,
        6.07697298e-07,  6.17968576e-08, -9.41591252e-03,
        -3.81783533e-04,  8.18947056e-03,  1.00000000e+00]
    rect_l: [ 9.92729684e-01, -1.76324963e-04,  1.20365045e-01,
              -5.41370026e-04,  9.99982271e-01,  5.92992704e-03,
              -1.20363956e-01, -5.95197662e-03,  9.92711988e-01]
    rect_r: [ 0.99371642,  0.00578279, -0.11177763,
              -0.00644901,  0.99996353, -0.00559959,
              0.11174117,  0.00628526,  0.99371747]
    proj_l: [ 1.75258766e+03, 0.00000000e+00, 9.81235863e+02, 0.00000000e+00,
              0.00000000e+00, 1.75258766e+03, 6.10082367e+02, 0.00000000e+00,
              0.00000000e+00, 0.00000000e+00, 1.00000000e+00, 0.00000000e+00]
    proj_r: [ 1.75258766e+03,  0.00000000e+00,  9.81235863e+02, -6.72619869e+02,
              0.00000000e+00,  1.75258766e+03,  6.10082367e+02,  0.00000000e+00,
              0.00000000e+00,  0.00000000e+00,  1.00000000e+00,  0.00000000e+00]
    q: [1.00000000e+00,  0.00000000e+00,  0.00000000e+00, -9.81235863e+02,
        0.00000000e+00,  1.00000000e+00,  0.00000000e+00,  -6.10082367e+02,
        0.00000000e+00,  0.00000000e+00,  0.00000000e+00,  1.75258766e+03,
        0.00000000e+00,  0.00000000e+00,  2.60561387e+00,  -0.00000000e+00]

    # camera_matrix_l: [1.05893589e+03, 0.00000000e+00, 6.62624552e+02, 0.00000000e+00, 1.05911795e+03, 5.16806743e+02, 0.00000000e+00, 0.00000000e+00, 1.00000000e+00]
    # camera_matrix_r: [1.06596455e+03, 0.00000000e+00, 6.66854841e+02, 0.00000000e+00, 1.06531942e+03, 5.12083521e+02, 0.00000000e+00, 0.00000000e+00, 1.00000000e+00]
    # dist_coeffs_l: [-0.11762835,  0.16134441, -0.00081567,  0.00067133,  0.01207906]
    # dist_coeffs_r: [-0.11080649,  0.16091193,  0.00044926,  0.00117967, -0.00668085]
    # # rvec_l: [ -1.1653561276754842e-01, -1.2091704581181210e-01, 4.7520136683918144e-03 ]
    # # rvec_r: [ -1.3058143286343191e-01, 1.2318467227975211e-01, 1.3710373731789956e-02 ]
    # # tvec_l: [ -5.6993577208117363e-01, -5.9510479587589771e-01, 1.4339483843657486e+00 ]
    # # tvec_r: [ -5.9800276013303566e-01, -5.7030016637687841e-01, 1.5840404164926587e+00 ]
    # r: [ 9.78506646e-01, -3.07420841e-05,  2.06215283e-01, 1.53291788e-03,  9.99973444e-01, -7.12473415e-03, -2.06209587e-01,  7.28771081e-03,  9.78480708e-01]
    # t: [-0.38899625, -0.00734997,  0.04728347]
    # rect_l: [ 0.99609275,  0.01784312,  0.08649193, -0.01744781,  0.9998336 , -0.00532442, -0.08657255,  0.00379452,  0.99623832]
    # rect_r: [ 0.99251879,  0.01875335, -0.12064315, -0.01820151,  0.99981824,  0.00567456, 0.12072764, -0.00343622,  0.99267972]
    # proj_l: [1.06221868e+03, 0.00000000e+00, 6.90757511e+02, 0.00000000e+00, 0.00000000e+00, 1.06221868e+03, 5.13406284e+02, 0.00000000e+00, 0.00000000e+00, 0.00000000e+00, 1.00000000e+00, 0.00000000e+00]
    # proj_r: [ 1.06221868e+03,  0.00000000e+00,  6.90757511e+02, -4.16313613e+02, 0.00000000e+00,  1.06221868e+03,  5.13406284e+02, 0.00000000e+00, 0.00000000e+00,  0.00000000e+00,  1.00000000e+00, 0.00000000e+00]
    # q: [ 1.00000000e+00,  0.00000000e+00,  0.00000000e+00, -6.90757511e+02, 0.00000000e+00,  1.00000000e+00,  0.00000000e+00, -5.13406284e+02, 0.00000000e+00,  0.00000000e+00,  0.00000000e+00, 1.06221868e+03, 0.00000000e+00,  0.00000000e+00,  2.55148679e+00, -0.00000000e+00]
    
    # camera_matrix_l: [ 1.0548914352153274e+03, 0., 6.5107831789570025e+02, 0., 1.0542690828537484e+03, 4.9584436052335644e+02, 0., 0., 1. ]
    # camera_matrix_r: [ 1.0566163037826768e+03, 0., 6.4148338657384352e+02, 0., 1.0572568869927343e+03, 4.9527515580696542e+02, 0., 0., 1. ]
    # dist_coeffs_l: [ -1.1900360940123336e-01, 1.6531673394366411e-01, -4.2640932726257711e-04, -7.4619369430512590e-04, -1.2227393535691629e-03 ]
    # dist_coeffs_r: [ -1.2571780984954778e-01, 1.9904149263277027e-01, 5.2689780125769163e-05, -1.1547026378459593e-03, -5.9920596219857708e-02 ]
    # rvec_l: [ -1.1653561276754842e-01, -1.2091704581181210e-01, 4.7520136683918144e-03 ]
    # rvec_r: [ -1.3058143286343191e-01, 1.2318467227975211e-01, 1.3710373731789956e-02 ]
    # tvec_l: [ -5.6993577208117363e-01, -5.9510479587589771e-01, 1.4339483843657486e+00 ]
    # tvec_r: [ -5.9800276013303566e-01, -5.7030016637687841e-01, 1.5840404164926587e+00 ]
    # r: [ 9.7036975821709459e-01, 4.2305447787796225e-03, 2.4158773733071007e-01, -7.9142025415984956e-03, 9.9986672354473483e-01, 1.4279374847912979e-02, -2.4149512983873608e-01, -1.5768247803462299e-02, 9.7027391216366343e-01 ]
    # t: [ -3.8886105092028311e-01, -2.6115758755684837e-04, 4.5697234584455959e-02 ]
    # rect_l: [ 9.9191799676516168e-01, 6.7088990027782689e-03, 1.2670311112028432e-01, -7.6402394206532068e-03, 9.9994724087244968e-01, 6.8660187277849579e-03, -1.2665036294848778e-01, -7.7785696465171401e-03, 9.9191692163168110e-01 ]
    # rect_r: [ 9.9316552691815341e-01, 6.6700615152766318e-04, -1.1671242969015966e-01, -1.5247897714960818e-03, 9.9997248030610231e-01, -7.2604164215785911e-03, 1.1670437505740469e-01, 7.3887572199803266e-03, 9.9313921235102021e-01 ]
    # proj_l: [ 1.0557629849232412e+03, 0., 6.3739021682739258e+02, 0., 0., 1.0557629849232412e+03, 4.9570732879638672e+02, 0., 0., 0., 1., 0. ]
    # proj_r: [ 1.0557629849232412e+03, 0., 6.3739021682739258e+02, -4.1337027183568301e+02, 0., 1.0557629849232412e+03, 4.9570732879638672e+02, 0., 0., 0., 1., 0. ]
    # q: [ 1., 0., 0., -6.3739021682739258e+02, 0., 1., 0., -4.9570732879638672e+02, 0., 0., 0., 1.0557629849232412e+03, 0., 0., 2.5540370385969915e+00, 0. ]
